-787
EMPTY
118
348
118
EMPTY
-338
EMPTY
744
EMPTY
14
872
964
-494
690
991
690
871
216
871
690
270
690
-494
221
-230
985
-672
618
-271
618
-672
-641
-672
-339
256
-339
-672
718
-672
985
-775
985
-385
-695
-385
985
-230
857
-230
221
-494
964
600
673
-511
539
320
-1
320
539
-511
-576
-511
673
-491
641
-717
-13
-717
388
-717
-786
-717
641
-491
-661
-499
-141
807
-141
-297
-712
655
603
267
603
655
529
655
-712
-297
-141
-455
745
652
151
370
151
234
151
652
812
-194
34
-194
812
652
-192
652
-437
96
555
991
555
-991
555
906
231
906
555
508
-805
-405
-686
-519
233
-519
-52
-655
-52
-332
-52
905
-52
-519
303
-519
-686
-405
-805
-115
-996
-115
475
-823
475
-798
475
-115
-805
508
-817
-221
296
602
296
-949
426
-949
-595
838
-595
149
-595
810
-595
-949
296
69
296
-221
-817
508
443
508
346
508
-40
508
555
96
-437
858
933
858
-437
863
671
863
-437
652
745
10
745
527
745
-636
702
648
830
-442
-747
782
-747
-941
-747
422
-747
799
-747
-448
-747
-442
610
847
-3
847
610
261
850
261
610
-442
81
-486
81
539
558
539
81
-442
-994